n_nodos R alpha CityArea
8 250 0 100
ID_Nodo Costo_C Demanda_D Potencia_f Rango_s Es_Remoto_T
0 1530464 1625 1507 53 0
1 964834 171 1310 78 1
2 1873791 293 1244 40 1
3 2708337 3997 2726 72 0
4 574116 3207 2851 48 0
5 2734915 3540 3197 31 0
6 1436244 3010 2095 22 0
7 1190661 2382 2510 54 0
Matriz_Distancias
-1.000000 9.758807 7.622746 7.223469 8.495846 7.970334 5.360503 4.878402
9.758807 -1.000000 2.459260 6.616009 3.051314 1.829632 5.134080 5.649590
7.622746 2.459260 -1.000000 4.428831 1.586796 0.836530 3.937479 3.210379
7.223469 6.616009 4.428831 -1.000000 3.638902 5.265334 6.833654 3.048062
8.495846 3.051314 1.586796 3.638902 -1.000000 2.217003 5.456684 3.685057
7.970334 1.829632 0.836530 5.265334 2.217003 -1.000000 3.736501 3.856201
5.360503 5.134080 3.937479 6.833654 5.456684 3.736501 -1.000000 3.935479
4.878402 5.649590 3.210379 3.048062 3.685057 3.856201 3.935479 -1.000000
Coordenadas
1.1348847189364952 7.060310112730091
9.744830944364566 2.466493817746419
7.287346335011062 2.559924312979623
3.5146780589270143 0.2401135414536093
7.07605138259081 0.9872595484881053
7.9960460166005385 3.0043643536128837
6.455618545082925 6.408556778104257
4.1459960718816635 3.2220794806947897
